version https://git-lfs.github.com/spec/v1
oid sha256:124669240a512808839ce21272a5fb0b7e2cf328e1d3ff58d00c8e2ccb9ce626
size 9028
